audio: [0.7062727808952332, 1.0772032737731934, 0.9656914472579956, -0.18191947042942047, -1.4141899347305298, 0.7053124904632568, -0.4165298640727997, 1.1540724039077759, -0.8966965079307556, -1.1537796258926392, -0.8823210597038269, -1.2160290479660034]
text: [-0.27056393027305603, -0.6978824734687805, -0.27605682611465454, -0.5506098866462708, 1.5605392456054688, -0.8945740461349487, 0.6658124923706055, -0.3748510181903839, 0.568370521068573, -1.3869545459747314, 0.964562714099884, -0.08022698760032654]