audio: [-0.41570281982421875, 0.7423830032348633, -0.5187059640884399, -1.013489842414856, 0.014400615356862545, 2.31054425239563, -0.35262590646743774, 1.5857802629470825, 1.0131609439849854, -0.8832778334617615, 1.4588119983673096, 1.024403691291809]
text: [-0.2291628122329712, -0.07120024412870407, -1.627532958984375, -0.30458492040634155, -0.018459849059581757, 0.32493236660957336, 0.9456460475921631, -0.7953770756721497, 1.1450601816177368, -0.23551711440086365, -1.9727743864059448, -0.7166078090667725]