audio: [1.3157927989959717, -1.7718051671981812, 1.806308388710022, 0.6177859306335449, -1.446629524230957, -0.0047322772443294525, 0.014413745142519474, -0.07658464461565018, 1.0509545803070068, -0.328684538602829, 0.0968996062874794, -0.6614916324615479]
text: [0.5817221999168396, -0.1296151876449585, -0.6091532707214355, -1.2027065753936768, 0.5123628973960876, -0.43371760845184326, 0.21066699922084808, 0.9120559692382812, -0.5388608574867249, -0.5653713345527649, 0.7591509222984314, -0.16875404119491577]