mean_train_loss: 0.621425886604113
std_train_loss: 0.014665702419324224
mean_train_loss_improvement: -11.7172259606321
mean_dev_loss: 0.8865323430015928
std_dev_loss: 0.007638079008998088
mean_dev_loss_improvement: -3.646304887633793
mean_test_loss: 2.9681833842744734
std_test_loss: 0.03348704363946182
mean_test_loss_improvement: -14.649699880278307
mean_train_accuracy: 80.40183253298008
std_train_accuracy: 0.382857192497825
mean_train_accuracy_improvement: 5.228786499646032
mean_dev_accuracy: 71.70685855049915
std_dev_accuracy: 0.2772384906047334
mean_dev_accuracy_improvement: 0.5499500045450392
mean_test_accuracy: 47.88809096694403
std_test_accuracy: 0.7620089427476271
mean_test_accuracy_improvement: 0.3237018354692333
mean_train_urs: 87.53774361789735
std_train_urs: 0.39142189836595287
mean_train_urs_improvement: 1.1568240259204254
mean_dev_urs: 90.16800305460099
std_dev_urs: 0.6062789044750049
mean_dev_urs_improvement: 1.2107575270545239
mean_test_urs: 87.12613205765408
std_test_urs: 0.7998052207375679
mean_test_urs_improvement: 0.3766477897388993
