mean_train_loss: 0.7039038967296166
std_train_loss: 0.004724596408982663
mean_dev_loss: 0.9200813128834678
std_dev_loss: 0.010215042548665917
mean_test_loss: 3.4776484442479685
std_test_loss: 0.1046559345769805
mean_train_accuracy: 76.4066898493128
std_train_accuracy: 0.10271940665190214
mean_dev_accuracy: 71.31466355503694
std_dev_accuracy: 0.40584668912308514
mean_test_accuracy: 47.73357650366655
std_test_accuracy: 1.2633215888184774
mean_train_urs: 86.53666666666668
std_train_urs: 0.3055414138141559
mean_dev_urs: 89.08934707903781
std_dev_urs: 0.9118948068780441
mean_test_urs: 86.79920477137176
std_test_urs: 0.45451101920430154
