mean_train_loss: 0.6296965191290832
std_train_loss: 0.014004044353328682
mean_train_loss_improvement: -10.542259809230455
mean_dev_loss: 0.8910803551711735
std_dev_loss: 0.009232400220364338
mean_dev_loss_improvement: -3.1519994272470866
mean_test_loss: 2.939998105318859
std_test_loss: 0.04283915344625233
mean_test_loss_improvement: -15.460169351458836
mean_train_accuracy: 80.16448639399458
std_train_accuracy: 0.3549079762540746
mean_train_accuracy_improvement: 4.9181512143672315
mean_dev_accuracy: 71.54803578374174
std_dev_accuracy: 0.2851590489812361
mean_dev_accuracy_improvement: 0.32724297791111395
mean_test_accuracy: 47.47394151246882
std_test_accuracy: 0.7952284473042549
mean_test_accuracy_improvement: -0.5439252832391162
mean_train_urs: 87.19309482416811
std_train_urs: 0.34360806674615213
mean_train_urs_improvement: 0.7585549372151739
mean_dev_urs: 90.32073310423827
std_dev_urs: 0.5684259232897809
mean_dev_urs_improvement: 1.3821922211507622
mean_test_urs: 87.55908990501435
std_test_urs: 0.6175321230030258
mean_test_urs_improvement: 0.8754517229093441
