mean_train_loss: 0.6299023759451319
std_train_loss: 0.01395438098984646
mean_train_loss_improvement: -10.513014791976664
mean_dev_loss: 0.8911685630442605
std_dev_loss: 0.009305928688621134
mean_dev_loss_improvement: -3.1424124622851948
mean_test_loss: 2.92976068863363
std_test_loss: 0.043689985219032564
mean_test_loss_improvement: -15.75454691288721
mean_train_accuracy: 80.14351161892145
std_train_accuracy: 0.3556180570525557
mean_train_accuracy_improvement: 4.89069972404028
mean_dev_accuracy: 71.47348632179438
std_dev_accuracy: 0.2457822975512607
mean_dev_accuracy_improvement: 0.22270702663396502
mean_test_accuracy: 47.48027407322974
std_test_accuracy: 0.7899036373821187
mean_test_accuracy_improvement: -0.5306588129162171
mean_train_urs: 87.21139476011835
std_train_urs: 0.35163612508207115
mean_train_urs_improvement: 0.779701968473876
mean_dev_urs: 90.4352806414662
std_dev_urs: 0.5611660350018719
mean_dev_urs_improvement: 1.5107682417229091
mean_test_urs: 87.66512038877845
std_test_urs: 0.5203796998180362
mean_test_urs_improvement: 0.9976077772688104
