audio: [-0.4103570282459259, 0.7487103343009949, -0.5181623101234436, -1.007013201713562, 0.029870664700865746, 2.3275647163391113, -0.3416626751422882, 1.5951528549194336, 1.029177188873291, -0.8617265820503235, 1.47196364402771, 1.031192421913147]
text: [-0.21646372973918915, -0.059831105172634125, -1.6228861808776855, -0.29980194568634033, -0.01648576371371746, 0.3261491060256958, 0.9479404091835022, -0.7912365794181824, 1.149442195892334, -0.2289147526025772, -1.9631943702697754, -0.7052837014198303]