audio: [1.3116401433944702, -1.7734098434448242, 1.7976908683776855, 0.6128846406936646, -1.458970546722412, -0.02095617540180683, 0.0005017876392230392, -0.09328455477952957, 1.0361807346343994, -0.3402678668498993, 0.08802428841590881, -0.6682121753692627]
text: [0.5804210901260376, -0.12500682473182678, -0.604519248008728, -1.1975620985031128, 0.5154864192008972, -0.43126124143600464, 0.21246160566806793, 0.9134364724159241, -0.5374561548233032, -0.5638325214385986, 0.75933837890625, -0.16830246150493622]