audio: [0.7083669304847717, 1.0832546949386597, 0.9738248586654663, -0.17877990007400513, -1.4186949729919434, 0.7010924220085144, -0.41652920842170715, 1.1529537439346313, -0.8960332274436951, -1.1505991220474243, -0.8771803975105286, -1.2152342796325684]
text: [-0.27606263756752014, -0.6989592909812927, -0.27814024686813354, -0.5525484681129456, 1.5596150159835815, -0.8954299688339233, 0.6648536920547485, -0.3756265938282013, 0.5671295523643494, -1.3888436555862427, 0.9631288647651672, -0.0804465189576149]