audio: [1.32218599319458, -1.7658498287200928, 1.818647027015686, 0.6344777345657349, -1.431579351425171, 0.010355190373957157, 0.02986435405910015, -0.05915394797921181, 1.0645722150802612, -0.30553948879241943, 0.11639368534088135, -0.6370810866355896]
text: [0.5825204253196716, -0.12518861889839172, -0.606222927570343, -1.2002264261245728, 0.5157037377357483, -0.4305649995803833, 0.21355648338794708, 0.9146287441253662, -0.5368331074714661, -0.5635392665863037, 0.7594280242919922, -0.16979853808879852]