audio: [-0.4003431499004364, 0.7582387924194336, -0.5124895572662354, -0.9989521503448486, 0.035289909690618515, 2.334986686706543, -0.34420448541641235, 1.5791237354278564, 1.0163089036941528, -0.8732203841209412, 1.4109978675842285, 0.9944231510162354]
text: [-0.21306435763835907, -0.0590716153383255, -1.6215461492538452, -0.29824092984199524, -0.012111163698136806, 0.33129867911338806, 0.9526041746139526, -0.7865925431251526, 1.1547298431396484, -0.22452658414840698, -1.9600249528884888, -0.7048234939575195]