audio: [0.6982784867286682, 1.074147343635559, 0.9607420563697815, -0.1954474151134491, -1.4399206638336182, 0.689717173576355, -0.429653525352478, 1.1482858657836914, -0.9136516451835632, -1.1645525693893433, -0.8308910727500916, -1.190157413482666]
text: [-0.2655598521232605, -0.6916610598564148, -0.27113908529281616, -0.546514093875885, 1.563530683517456, -0.8929756283760071, 0.6668694615364075, -0.3735356628894806, 0.5694755911827087, -1.38534414768219, 0.963760495185852, -0.0818152129650116]