mean_train_loss: 0.6931397078148921
std_train_loss: 0.01338392156145726
mean_dev_loss: 1.0889709421566556
std_dev_loss: 0.010246448557119923
mean_test_loss: 3.6993096859166115
std_test_loss: 0.034200422688732614
mean_train_accuracy: 75.75095214439477
std_train_accuracy: 0.37565289454410633
mean_dev_accuracy: 65.22753792298715
std_dev_accuracy: 0.7967619768814234
mean_test_accuracy: 44.70534594779437
std_test_accuracy: 0.606808692771284
mean_train_urs: 83.91542410101565
std_train_urs: 1.9711491976275717
mean_dev_urs: 78.49369988545246
std_dev_urs: 1.3035288289508649
mean_test_urs: 77.57455268389661
std_test_urs: 0.26573807363503543
