mean_train_loss: 0.5900006563028917
std_train_loss: 0.013364221475885093
mean_train_loss_improvement: -14.879980233298717
mean_dev_loss: 1.0496030839662704
std_dev_loss: 0.006726431901148521
mean_dev_loss_improvement: -3.6151431288349114
mean_test_loss: 3.086531683351054
std_test_loss: 0.03907315573667089
mean_test_loss_improvement: -16.56465812793189
mean_train_accuracy: 81.17569133962577
std_train_accuracy: 0.5193309797567511
mean_train_accuracy_improvement: 7.161281860709131
mean_dev_accuracy: 65.93089589005575
std_dev_accuracy: 0.4176601495616387
mean_dev_accuracy_improvement: 1.078314450407493
mean_test_accuracy: 45.280342464885955
std_test_accuracy: 0.5308242380941672
mean_test_accuracy_improvement: 1.2861918522295943
mean_train_urs: 83.76795681215116
std_train_urs: 0.4334420086861374
mean_train_urs_improvement: -0.17573323431812998
mean_dev_urs: 80.6032836960672
std_dev_urs: 0.8228087796681939
mean_dev_urs_improvement: 2.687583606956097
mean_test_urs: 80.31809145129223
std_test_urs: 0.9313572480191308
mean_test_urs_improvement: 3.536647872885692
