mean_train_loss: 0.6020971632350888
std_train_loss: 0.01299761971044191
mean_train_loss_improvement: -13.134804362429758
mean_dev_loss: 1.050534335015312
std_dev_loss: 0.007172775487598968
mean_dev_loss_improvement: -3.529626517418515
mean_test_loss: 3.0752103116476173
std_test_loss: 0.04202595788975996
mean_test_loss_improvement: -16.870698245268844
mean_train_accuracy: 80.65132196279738
std_train_accuracy: 0.37966395652616525
mean_train_accuracy_improvement: 6.469053760620241
mean_dev_accuracy: 65.72345390898482
std_dev_accuracy: 0.4028065962117463
mean_dev_accuracy_improvement: 0.7602862254025093
mean_test_accuracy: 44.97384652405739
std_test_accuracy: 0.46847255606664623
mean_test_accuracy_improvement: 0.6006006006005857
mean_train_urs: 83.76490682282613
std_train_urs: 0.44301554279528244
mean_train_urs_improvement: -0.17936783350855934
mean_dev_urs: 80.48873615883926
std_dev_urs: 0.38727496706950865
mean_dev_urs_improvement: 2.541651465401938
mean_test_urs: 79.74375966423682
std_test_urs: 0.6348315421846159
mean_test_urs_improvement: 2.79628680448776
