mean_train_loss: 0.6030095848960146
std_train_loss: 0.013177100298172102
mean_train_loss_improvement: -13.003168322734057
mean_dev_loss: 1.0514558725886876
std_dev_loss: 0.0074646197634386634
mean_dev_loss_improvement: -3.445001892674123
mean_test_loss: 3.059510643283526
std_test_loss: 0.04396794479934492
mean_test_loss_improvement: -17.2950927863331
mean_train_accuracy: 80.61158028371143
std_train_accuracy: 0.38015475009982397
mean_train_accuracy_improvement: 6.416590157245072
mean_dev_accuracy: 65.71373006612212
std_dev_accuracy: 0.3337417794968965
mean_dev_accuracy_improvement: 0.7453786523554035
mean_test_accuracy: 45.04477120457971
std_test_accuracy: 0.3907349070028731
mean_test_accuracy_improvement: 0.759249815853592
mean_train_urs: 83.74965687620094
std_train_urs: 0.4571322535198757
mean_train_urs_improvement: -0.19754082946080773
mean_dev_urs: 79.18189845946705
std_dev_urs: 4.6420727808907545
mean_dev_urs_improvement: 0.8767564467197942
mean_test_urs: 80.04417936823504
std_test_urs: 0.64616762708309
mean_test_urs_improvement: 3.1835525941112928
