mean_train_loss: 0.9326441352004979
std_train_loss: 0.005290362609556682
mean_train_loss_improvement: 34.55355748419584
mean_dev_loss: 1.0637063713300796
std_dev_loss: 0.007725016264031463
mean_dev_loss_improvement: -2.3200408613787866
mean_test_loss: 3.0428993825358575
std_test_loss: 0.02908306755837061
mean_test_loss_improvement: -17.744129556920544
mean_train_accuracy: 69.96632996632997
std_train_accuracy: 0.2924325011038841
mean_train_accuracy_improvement: -7.636368935717522
mean_dev_accuracy: 64.44638921301697
std_dev_accuracy: 0.5289945289374658
mean_dev_accuracy_improvement: -1.1975750347843404
mean_test_accuracy: 43.97963448459288
std_test_accuracy: 0.8112877864005329
mean_test_accuracy_improvement: -1.6233214346421947
mean_train_urs: 73.61759233842682
std_train_urs: 0.6443350594382037
mean_train_urs_improvement: -12.271679340132408
mean_dev_urs: 73.05269186712485
std_dev_urs: 0.7368087245285566
mean_dev_urs_improvement: -6.931776723823425
mean_test_urs: 78.47139385906782
std_test_urs: 0.4204242015770374
mean_test_urs_improvement: 1.1561022837291535
