mean_train_loss: 0.48625807693177653
std_train_loss: 0.009858413168487066
mean_train_loss_improvement: -29.847032070245323
mean_dev_loss: 1.52983101946967
std_dev_loss: 0.12605779938057804
mean_dev_loss_improvement: 40.48409927632338
mean_test_loss: 4.840125247158787
std_test_loss: 0.27409127952736906
mean_test_loss_improvement: 30.838606607748915
mean_train_accuracy: 83.29607550919027
std_train_accuracy: 0.27919899622178934
mean_train_accuracy_improvement: 9.960433699121241
mean_dev_accuracy: 65.61406067677946
std_dev_accuracy: 0.3926660042582204
mean_dev_accuracy_improvement: 0.5925760286225518
mean_test_accuracy: 45.053003533568905
std_test_accuracy: 0.9549184574235732
mean_test_accuracy_improvement: 0.7776644569097377
mean_train_urs: 83.14575898984353
std_train_urs: 0.1515970493712256
mean_train_urs_improvement: -0.9171914691697319
mean_dev_urs: 79.6606529209622
std_dev_urs: 0.9535211718394809
mean_dev_urs_improvement: 1.4866836920831976
mean_test_urs: 78.40954274353876
std_test_urs: 0.788740931406652
mean_test_urs_improvement: 1.076371091747828
