mean_train_loss: 0.493579354237486
std_train_loss: 0.006425159560528146
mean_train_loss_improvement: -28.7907836367528
mean_dev_loss: 1.5299208917788096
std_dev_loss: 0.10040139430488093
mean_dev_loss_improvement: 40.49235223383219
mean_test_loss: 4.822133512659507
std_test_loss: 0.08351500593373935
mean_test_loss_improvement: 30.35225277347071
mean_train_accuracy: 83.06010928961749
std_train_accuracy: 0.30241890223992546
mean_train_accuracy_improvement: 9.648931054081222
mean_dev_accuracy: 63.178238039673275
std_dev_accuracy: 1.1812443103873749
mean_dev_accuracy_improvement: -3.1417710196779858
mean_test_accuracy: 44.99031118203579
std_test_accuracy: 0.6732902963922185
mean_test_accuracy_improvement: 0.6374298827128932
mean_train_urs: 82.86439747460884
std_train_urs: 0.20299477707588306
mean_train_urs_improvement: -1.2524832444886476
mean_dev_urs: 79.9183848797251
std_dev_urs: 2.276530990419045
mean_dev_urs_improvement: 1.8150310105801
mean_test_urs: 78.93638170974155
std_test_urs: 2.4764661517862607
mean_test_urs_improvement: 1.7555099948744366
