mean_train_loss: 0.7919153038351141
std_train_loss: 0.012229056366016317
mean_train_loss_improvement: 14.25045988659486
mean_dev_loss: 1.1576015521373066
std_dev_loss: 0.020297999657872948
mean_dev_loss_improvement: 6.302336207863489
mean_test_loss: 4.284237393313104
std_test_loss: 0.21131710517816774
mean_test_loss_improvement: 15.811806987215228
mean_train_accuracy: 73.48236462990562
std_train_accuracy: 0.20215588623324032
mean_train_accuracy_improvement: -2.9947973593319652
mean_dev_accuracy: 63.38243873978997
std_dev_accuracy: 0.2636555933857238
mean_dev_accuracy_improvement: -2.8287119856887077
mean_test_accuracy: 44.1838594648068
std_test_accuracy: 1.5940208086726768
mean_test_accuracy_improvement: -1.1664969187276764
mean_train_urs: 80.2978314575899
std_train_urs: 0.40032417008057164
mean_train_urs_improvement: -4.310998463251487
mean_dev_urs: 82.10910652920963
std_dev_urs: 2.0396996521114157
mean_dev_urs_improvement: 4.605983217803733
mean_test_urs: 83.06163024801194
std_test_urs: 2.4148318685190273
mean_test_urs_improvement: 7.073295783572549
