mean_train_loss: 0.5078383012163648
std_train_loss: 0.011296869001689788
mean_train_loss_improvement: -26.73363024933112
mean_dev_loss: 1.526864683202335
std_dev_loss: 0.09331251519505107
mean_dev_loss_improvement: 40.21170116609829
mean_test_loss: 4.969286958602342
std_test_loss: 0.22788132126655092
mean_test_loss_improvement: 34.33011508932528
mean_train_accuracy: 82.6428216592151
std_train_accuracy: 0.10861008996063612
mean_train_accuracy_improvement: 9.098063218642057
mean_dev_accuracy: 63.601225204200695
std_dev_accuracy: 0.6011653295230783
mean_dev_accuracy_improvement: -2.4932915921287924
mean_test_accuracy: 45.266727459249964
std_test_accuracy: 0.33576354470888886
mean_test_accuracy_improvement: 1.2557368689443957
mean_train_urs: 82.54872357946748
std_train_urs: 0.19543001462940096
mean_train_urs_improvement: -1.6286642607001096
mean_dev_urs: 80.39089347079037
std_dev_urs: 2.287043399717812
mean_dev_urs_improvement: 2.4170010944910634
mean_test_urs: 79.8807157057654
std_test_urs: 2.3782189308998287
mean_test_urs_improvement: 2.9728344438749317
