mean_train_loss: 0.875243675361045
std_train_loss: 0.12807402334719967
mean_dev_loss: 1.1648485535667057
std_dev_loss: 0.06838829894604878
mean_test_loss: 3.115904934478529
std_test_loss: 0.1350628125379307
mean_train_accuracy: 70.08445106805762
std_train_accuracy: 3.784399521600429
mean_dev_accuracy: 62.261765849863856
std_dev_accuracy: 2.5848600877001204
mean_test_accuracy: 43.22352672973897
std_test_accuracy: 1.1279824861260537
mean_train_urs: 79.48577179979871
std_train_urs: 2.5120620099300677
mean_dev_urs: 78.80870561282931
std_dev_urs: 2.2141330790467033
mean_test_urs: 77.97216699801193
std_test_urs: 1.8413735966273617
