mean_train_loss: 0.739866540718904
std_train_loss: 0.03624248038196786
mean_dev_loss: 1.0016744534174602
std_dev_loss: 0.025787241584184873
mean_test_loss: 3.0879847055131737
std_test_loss: 0.15119531711142153
mean_train_accuracy: 74.3036926643484
std_train_accuracy: 1.0626823098053813
mean_dev_accuracy: 67.28899260987943
std_dev_accuracy: 0.5054527972916009
mean_test_accuracy: 45.79581291082488
std_test_accuracy: 0.44995239463771297
mean_train_urs: 83.75880684417604
std_train_urs: 0.9915796273506503
mean_dev_urs: 83.24742268041236
std_dev_urs: 1.4238033098116905
mean_test_urs: 81.85553346587145
std_test_urs: 1.881387616511385
