mean_train_loss: 0.7967360955341268
std_train_loss: 0.1540480043513916
mean_dev_loss: 1.1298562872977485
std_dev_loss: 0.162707267456925
mean_test_loss: 3.120270991867239
std_test_loss: 0.11320871171837764
mean_train_accuracy: 72.97565822155987
std_train_accuracy: 4.27941031873092
mean_dev_accuracy: 64.34266822248152
std_dev_accuracy: 3.4975298925483647
mean_test_accuracy: 45.419658801626206
std_test_accuracy: 1.7042689373487667
mean_train_urs: 85.3966511117211
std_train_urs: 1.4561391391572702
mean_dev_urs: 87.05612829324168
std_dev_urs: 1.576849931035075
mean_test_urs: 85.1557322730285
std_test_urs: 1.7994945988556441
mean_train_loss: 0.7967360955341268
std_train_loss: 0.1540480043513916
mean_dev_loss: 1.1298562872977485
std_dev_loss: 0.162707267456925
mean_test_loss: 3.120270991867239
std_test_loss: 0.11320871171837764
mean_train_accuracy: 72.97565822155987
std_train_accuracy: 4.27941031873092
mean_dev_accuracy: 64.34266822248152
std_dev_accuracy: 3.4975298925483647
mean_test_accuracy: 45.419658801626206
std_test_accuracy: 1.7042689373487667
mean_train_urs: 85.3966511117211
std_train_urs: 1.4561391391572702
mean_dev_urs: 87.05612829324168
std_dev_urs: 1.576849931035075
mean_test_urs: 85.1557322730285
std_test_urs: 1.7994945988556441
