mean_train_loss: 0.7391241696007848
std_train_loss: 0.01339049249527487
mean_dev_loss: 1.0342309696333747
std_dev_loss: 0.04144136250966775
mean_test_loss: 3.247154221390233
std_test_loss: 0.046788395872520504
mean_train_accuracy: 74.27719821162445
std_train_accuracy: 0.4276464435434078
mean_dev_accuracy: 66.30688448074679
std_dev_accuracy: 0.30409365560310964
mean_test_accuracy: 45.03210608305787
std_test_accuracy: 0.9622358895455925
mean_train_urs: 83.85030652392716
std_train_urs: 0.21998014969661422
mean_dev_urs: 83.67697594501719
std_dev_urs: 1.8439129475378317
mean_test_urs: 81.78926441351888
std_test_urs: 2.2801947363913833
