mean_train_loss: 0.939594206397533
std_train_loss: 0.3425499107053786
mean_dev_loss: 1.1366616873514084
std_dev_loss: 0.2132972827460134
mean_test_loss: 3.192785941290133
std_test_loss: 0.36627394554904785
mean_train_accuracy: 69.38234807087265
std_train_accuracy: 9.285106785064624
mean_dev_accuracy: 62.845196421625836
std_dev_accuracy: 6.246492513347108
mean_test_accuracy: 44.92951859873096
std_test_accuracy: 2.5718848693426786
mean_train_urs: 85.29600146399487
std_train_urs: 1.580112311731348
mean_dev_urs: 84.67926689576174
std_dev_urs: 0.8714274945419725
mean_test_urs: 82.45195493704439
std_test_urs: 0.9149930069764499
