audio: [-1.6523369550704956, 0.6574581265449524, 0.0802282840013504, 0.03551784157752991, -0.3455563187599182, 0.5151459574699402, 0.7539100050926208, 1.3270925283432007, 0.08032025396823883, -0.6470024585723877, 0.6942772269248962, -0.11914041638374329]
text: [-0.2796981930732727, -0.7042421102523804, -0.28421255946159363, -0.5595719814300537, 1.5534096956253052, -0.8981608748435974, 0.6631167531013489, -0.3770134747028351, 0.5666968822479248, -1.389363408088684, 0.9642247557640076, -0.07934537529945374]