audio: [-0.8550694584846497, -0.015965204685926437, -1.4903453588485718, 1.014068603515625, 0.4278574287891388, -0.7332605719566345, -0.3210774064064026, 1.5807616710662842, -0.09809456020593643, 0.650549054145813, -0.5488553643226624, 0.26433464884757996]
text: [-0.22012025117874146, -0.07060634344816208, -1.62251877784729, -0.29900428652763367, -0.013125279918313026, 0.3303864300251007, 0.9518939852714539, -0.7873427271842957, 1.1537805795669556, -0.22504068911075592, -1.961953043937683, -0.710085391998291]