audio: [-0.6988312602043152, 0.8112391829490662, -0.5005929470062256, 0.5166059732437134, -1.2309963703155518, -0.5097970366477966, -0.7860066890716553, -1.1767843961715698, 0.7045894861221313, 0.8950860500335693, 1.5739294290542603, 0.12799759209156036]
text: [0.5799707770347595, -0.13436278700828552, -0.6148251295089722, -1.2086187601089478, 0.5121014714241028, -0.43373361229896545, 0.21209605038166046, 0.914793074131012, -0.5374968647956848, -0.5635510087013245, 0.7626146078109741, -0.16927216947078705]